#1 0 0 0
#2 0 0 1 4 0 0 0
#3 6 5 4 30 1 13 0 6 9 10 4 11 7 4 18 30 1 20 7 4 10 1 2 19 72 28 1 15 0 25 11 6 8 7 7 5 78 4 10 0 8 0 33 3 1 5 0 10 7 1 29 2 8 1 2 50 1 17 14 34 4 8 10 1 8 5 18 12 87 5 2 11 23 2 11 14 45 21 6 13
#4 18 23 91 9 2 1 24 9 7 280 43 17 27 98 15 95 81 26 10 1 172 14 111 412 260
#5 14 68 101 448 65 261 56 12 579 70 125 37 78 5 360 11 229 49 174 134 130 414 194 470 3 7 3 40 48 6
#6 849 31 998 8 764 56 335 203 934 56 84 668 61 8 226 4 267 332 286 847 824 759 2007 159 301 1060 379 1269 913 122 409 23 482 161 233 113 294 58 563 448 68 53 203 2038 535 23 31 1404 362 144 479 579 8
9 383 810 332 51 135 15 248 441 247 8 1412 64 156 75 182 19 147 7 16 2 18 62 977 903 1249 1052 753 29 914 48 52 442 934 12 1373 66 12 146 226 32 79 12 141 309 1361 142 1086
#7 8 575 37 29 227 2 382 543 73 913 334 489 1387 274 169 51 456 880 29 433 90 345 211 1752 1170 1089 286 197 1775 946 394 111 13 1446 439 164 809 18 904 775 168 56 494 2883 541 183 30 1642 185 769 153
0 1663 205 682 161 400 424 2911 1 367 1140 347 2 16 100 233 1081 65 758 2732 596 500 182 449 1713 1501 901 6 742 7
#8 3691 267 927 81 648 882 368 2534 665 198 1013 2 395 82 1055 43 587 3364 12 3537 89 246 4213 159 316 186 99 525 934 303 359 400 44 100 191 366 31 16 4585 1140 1662 21 199 1657 1776 471 1645 15 1216
400
#9 2297 172 538 747 4545 247 76 2405 1078 2097 530 417 428 3352 1045 831 292 6845 280 1593 675 1805 781 75 0 9 101 405 1312 547 14 68 116 1018 196 3345 2605 79 1257 2629 517 366 169 63 132 2920 4 879
1620 181 142 333 88 397 149 56 33 747 265 327
#10 1940 990 5737 88 510 3427 1028 1576 2213 155 1421 437 52 1000 238 189 36 32 4173 865 1300 2029 523 136 757 432 3632 10 1368 5427 234 608 2419 1516 124 894 304 3564 1288 211 748 1800 391 90 459 283
 7881 1403 1810 27 462 627 2688 2140 903 672 86 1413 1143 386 1028 145 522 1104 44 1086 2070 54 101 543 829 105 1820 2260 11 1968 6790 1008 397 1850 1101 95 473 3 0 148 80 33 40 3 1055 23 397 1153 89
1491 25 688 1719 851
#11 13915 43127 3386 13047 101926 50339 23576 1069 22543 12972 28694 43061 10318 2970 386 109147 68545 8672 251449 157702 18040 8714 8473 8484 1564 30076 792 47996 99485 198432 42411 14537 9135 6905 4
77 110866 81272 0 6190 67 23595 47057 159093 39062 2645 8631 6106 61158 88830 27394 9503 219538 8309 3617 134600 26123 1433 16 592 7000 14663 44210 48532 11851 1858 14068 82245 16242 6378 78897 72169
45002 30543 57310 84158 30882 24006 44188 14083 13777 22912 6140 8735 1249 16204 192895 160243 56544 7065 12949 75955 74458 142133 11903 1043 5821 11908 12364 122373 51031 34173 31053 81945 7100 39389
 42703 18676 20326 12321 318 1084 59533 44115 56773 28305 676 25523 12467 1163 1679 76910 26829 13 15569 10166 1564 47000 80907 14279 27292 8801 34467 88041 8631 129912 20326 8820 405 21378 521 30761
92736 5496 1701 41 175846 148208 11230 169549 66847 1097 15494 30586 31787 38372 2502 37699 76528 2766 40483 1195 2912 70375 2727 6345 100583 16309 13164 21302 22537 71934 79163 43355 23041 9175 24738
 8246 28239 1738 47712 16001 1478 1238 89749 243919 103457 79430 14330 51259 26306 77352 5777 79058 60997 15261 59210 2412 19555 1667 2909 4191 123571 2513 18948 1527 33733 3948 624 57847 8828 3078 11
0 132264 22791 9103 82517 4642 1799 1812 2182 46011 5365 98720 22738 2027 37197 3570 15712 2859 26381 106 244356 65344 2943 15605 1453 7090 53726 32158 28733 7596 55030 42261 1907 87735 1616 2004 1272
3 39014 5749 68636 78571 76079 60442 34416 11140 788 11161 58129 5203 133161 27566 164368 44789 6507 4235 94837 60874 23656 52999 49109 1158 42084 3641 22783 12765 24254 205730 7082 53657 5341 67141 8
2 9368 18364 1320 5606 21512 227 769 24123 5451 213033 36517 21728 49039 8392 12755 2037 65750 120 1924 6940 161551 3051 1986 7093 17997 35652 15310 7265 94819 73841 34202 122363 41980 20180 47275 750
50 57275 27034 97560 47700 10309 46381 48701 893 7878 72454 79241 64761 24629 190966 690 33937 17647 27751 4780 16064 7080 72511 100403 67439 23101 17700 53675 73581 7702 16033 2801 92622 27467 38183
34738 10323 22812 0 62745 84575 189062 60998 1059 37246 56650 1383 81260 2974 29755 57243 17296 99061 8093 18481 6849 9778 183 50964 44399 1568 16196 61738 13319 24741 19046 28398 87014 9862 3030 1665
63 168936 58944 1636 30030 526 2395 17612 18096 21336 35866 3570 0 39513 8626 16512 19927 8326 3094 0 12566 30901 246 374 45252 47768 73724 62541 35954 232027 15590 26626 19956 49 38696 121802 40666 2
2 1 2574 120379 10397 42262 15511 35214 21064 5333 22264 36671 49027 109920 8391 25101 1609 3615 129146 45307 29 26390 5549 1241 72675 1920 92004 18399 110292 23343 1155 105755 1025 46991 129577 1449
10971 14541 37814 2057 10732 32429 19139 9274 12108 96482 22873 24528 60283 11872 43 2289 93546 88789 128 22 82352 18447 1258 15938 44274 1523 11830 54025 41169 148925 30640 47364 46493 87397 73216 16
411 85 1278 2348 17543 4847 23684 56838 4704 50479 2751 43059 45169 74478 46640 2937 8297 28389 46131 15091 1704 13735 34694 201308 9064 1086 127495 6119 73161 15451 30891 62162 53655 16452 22582 7848
6 713 12271 64103 12712 15591 17538 6701 127208 310 3152 23343 13383 79519 4512 9477 1136 119542 5543 250 2273 31691 100921 7764 7241 54930 29785 125692 19830 58588 33008 63358 145376 18067 15576 2186
6 25585 2278 16641 194107 17187 1965 25177 29224 127118 2302 19747 89043 3848 13714 11046 41314 926 124367 9499 55620 8842 10509 4180 53764 4897 4449 99302 54182 74426 9134 68606 2338 149398 26297 119
95 816 14605 19025 33187 33781 2002 3790 17148 15874 53279 42616 30337 94278 7780 92018 775 487 76780 23886 34378 31343 47696 52391 5330 1456 1848 38515 16397 55611 12199 32929 81461 4091 720 15750 18
8097 30789 247 146805 342 8785 10791 25954 5669 117750 6931 10711 87000 6530 14970 4733 27997 16639 86056 58083 13388 21596 24131 162 2529 134108 830 1363 586 26346 62488 11 67386 346 2057 2587 19248
15200 43182 2688 18931 71659 24406 7078 1336 60903 8599 7052 10459 23646 1013 27547 2141 39251 83133 10038 85227 12546 12240 68345 65270 80037 7983 23539 1692 32818 55859 5554 4244 3059 56623 6976 213
1 3028 1266 56782 7251 1449 30605 56073 4782 4071 158357 75564 5977 9303 29104 149657 14232 1668 17495 2645 28952 22243 1419 9062 3580 1856 19200 76149 63706 2491 36967 2089 95681 18760 5217 1854 6839
2 2812 35521 6263 72555 19875 822 25269 54347 698 26115 50794 47214 72411 121790 52148 4539 15326 0 5140 136891 110281 16657 112030 54159 144868 89421 42203 6765 16661 62238 0 835 23137 52551 877 6390
1 59047 3755 8308 12320 190676 21654 8672 20354 124448 9694 5092 27254 1466 15988 17834 10027 101875 7729 10065 13497 936 57012 42317 48743 64333 7283 64832 34943 11605 38519 105944 12251 1082 87949 1
851 9169 45541 132637 36839 1954 22587 21562 45918 1787 13479 19524 24696 1300 11 37990 1904 24858 2952 162 32756 7333 12020 484 12330 7380 22521 14075 13971 2036 29846 5102 20343 12688 9991 22227 662
29 1078 34490 3227 2110 143136 15295 40916 85511 42854 49227 3627 5894 4333 9585 25134 123500 930 43 54399 1733 37663 2999 4655 5294 51938 488 14581 9550 86536 100755 18439 87820 15851 17301 42395 196
2 105773 45342 19755 29951 80995 6674 46417 73269 1042 107685 1861 243 16914 359 36032 162 116327 24352 46278 50073 44083 37650 26069 5596 5550 20503 52726 9833 33682 2146 139199 231708 88 166458 1155
0 1840 5115 50635 25470 14008 4809 3022 1079 17880 225048 6701 134407 18412 45411 13448 7342 17338 4459 53258 151069 67645 875 72508 83690 560 142495 35567 83796 49452 10425 1092 97796 114825 15735 15
832 13534 57158 28870 6105 3035 86204 110321 101869 1944 6445 1144 142365 921 39486 95 2566 9251 137391 4744 76165 3505 8800 71555 20561 53301 40455 20533 8209 65949 12723 8789 49189 110874 419 69768
17732 74906 16615 40869 2198 163
#12 16 6 5 0 63 18 0 14 3 21 14 19 0 2 2 11 0 16 3 0 15 0 13 10 1 1 17 1 2 4 18 20 2 0 5 0 14 6 3 23 20 2 0 33 6 13 13 50 5 46
#13 220 1379 1539 254 1072 0 2540 8 304 3008 354 1184 1589 1618 2669 69 93 2243 764 532 2902 374 76 3332 4042 1666 1633 1066 333 114 7660 4829 73 3154 3280 147 532 742 970 3187 3183 611 1116 6 499 361
7 710 96 3903 486 1487 323 1496 2 67 197 28 355 347 370 1559 2042 1718 392 1664 1059 2186 73 1258 475 972 20 1146 339 409 46 257 1922 45 883 483 2250 752 4689 558 1544 1427 7144 326 195 3271 3723 1942
 325 1322 601 230 345 684 618 415 140 1775 2351 4977 13 100 480 1661 380 35 100 768 216 1916 4 3852 21 332 146 1089 4061 497 5549 152 985 277 74 451 1113 540 373 4503 265 918 27 3233 194 1453 5 565 95
4 7122 2560 1605 570 91 5050 3528 1463 1703 714 5940 1885 3528 59 36 1288 578 2400 1502 559 7346 910 320 1228 2375 476 52 745 887 3 38 556 856 1505 222 330 492 413 4 1799 56 1 1654 1569 1735 2424 197
145 1895 488 368 3204 31 1366 584 594 1104 1461
Elapsed Time : 51218111423507951150997333094655395125181708990279012142613614323730462216794620965899863941103743463259839917562867773825104389295939938586483290695512589434606454266881838771180592079
47028857503452215226626046923909547850568567534488032101238026441232276086166042800920474763984879753966160196482891776.000 ms계속하려면 아무 키나 누르십시오 . . .