#1 1 0 1 
#2 0 0 1 0 
#3 1 1 2 0 0 1 2 1 
#4 2 13 12 1 2 16 10 5 8 1 
#5 14 0 31 3 0 16 1 5 5 4 34 1 1 1 3 7 2 4 15 4 10 4 0 14 20 0 1 0 21 7 14 6 10 2 2 
#6 3 0 1 23 34 3 3 12 39 5 4 1 10 30 1 13 5 10 42 47 17 7 10 3 11 11 30 5 75 9 49 59 56 28 0 1 109 2 81 11 51 0 16 69 0 1 4 18 3 19 1 6 1 0 3 10 0 3 6 53 6 0 12 1 8 26 4 71 19 1 13 21 2 2 3 72 6 7 26 118 13 11 12 2 10 36 3 3 41 12 25 1 13 0 64 2 33 71 17 61 
#7 14 15 83 67 68 217 173 34 109 25 169 75 8 18 1 52 57 11 19 7 33 339 15 148 21 29 153 4 43 76 16 23 47 23 16 249 90 101 10 41 33 359 268 16 8 16 45 5 44 93 13 26 55 27 1 92 42 16 75 180 1 90 58 182 9 31 0 103 48 290 25 30 5 34 16 80 42 6 6 14 
#8 5 162 44 231 0 27 8 14 543 289 119 14 91 70 260 2 613 240 79 39 18 307 206 494 124 7 19 15 118 114 131 174 52 351 63 31 57 234 10 388 218 298 77 28 16 88 69 6 0 2 
#9 33 29 130 1 43 32 341 2 225 64 69 27 136 617 1 38 2 204 406 18 42 22 15 133 175 49 41 102 70 99 131 72 120 306 1 135 18 363 110 30 183 121 71 192 56 9 303 73 1 69 160 292 150 177 35 110 230 190 20 1 
#10 6 66 622 90 96 8 60 13 61 30 56 109 238 7 167 341 100 103 13 409 132 23 318 5 394 3 222 148 8 26 328 78 2 32 409 2 33 66 13 23 104 309 195 34 226 244 87 34 4 5 107 51 20 290 95 194 23 27 189 82 376 193 13 395 0 243 5 49 31 39 24 24 110 22 236 80 2 231 10 41 0 176 22 19 119 351 32 44 49 9 16 472 154 24 229 326 55 65 11 45 188 3 278 7 62 6 259 224 1 57 22 3 86 131 28 8 201 52 40 271 1 149 463 171 110 27 23 71 491 54 156 1 230 65 30 1 134 132 7 125 516 115 62 60 5 47 79 4 180 31 4 103 126 453 74 165 242 67 360 237 4 75 4 191 15 147 131 150 104 2 9 43 329 118 15 353 189 36 202 17 94 35 4 18 9 167 21 1 29 31 321 318 131 179 194 244 9 68 5 11 11 9 4 264 19 141 591 77 0 83 223 228 36 316 45 40 126 218 336 614 74 82 172 3 20 0 40 9 273 153 153 499 5 0 8 111 15 62 110 194 158 45 176 15 19 27 226 14 244 5 28 328 592 72 578 195 449 531 206 120 29 22 10 584 137 1 65 38 11 3 4 96 15 75 39 100 293 42 41 83 26 21 64 159 111 69 136 69 16 25 3 57 487 111 44 365 99 0 20 170 17 284 97 372 103 293 333 9 2 38 190 7 223 19 26 170 19 0 3 121 16 210 68 36 224 52 625 62 218 8 457 293 88 64 3 178 64 206 194 9 72 14 332 65 9 487 11 8 53 10 66 40 4 83 2 300 18 303 213 47 108 299 41 178 158 513 37 154 161 502 4 3 333 142 2 8 504 235 61 22 17 134 188 157 17 73 1 28 5 513 219 204 137 74 53 15 268 0 87 5 161 29 90 44 210 51 4 93 0 146 103 105 101 61 15 173 46 30 70 368 47 11 51 119 0 6 60 3 308 273 154 178 140 46 64 48 173 297 33 18 293 2 4 96 10 22 164 466 99 3 2 177 95 12 36 215 331 269 27 133 226 27 423 630 13 306 237 5 80 332 137 299 27 332 427 64 9 230 136 280 137 77 38 88 31 120 85 294 79 144 36 38 24 96 115 69 3 101 206 177 
#11 35 646 159 2858 280 3 9 2227 1854 3779 15 5972 4232 240 1538 1062 346 182 180 1278 1206 430 654 2165 67 573 539 149 143 542 3282 1603 1217 243 2624 577 618 497 1715 173 7341 11 128 203 937 144 1354 618 77 5610 2 1266 512 1176 504 457 466 2493 3754 64 620 355 38 441 122 2257 249 1513 8014 195 1482 123 1271 592 28 3705 1057 1424 1143 2013 925 2597 204 1902 197 61 2414 0 5715 1353 600 2865 108 2727 34 4231 742 69 4613 1916 
#12 4154 1535 1523 1256 1285 1109 612 10 4015 3749 147 9342 6168 139 1157 11 755 1717 198 32 8070 1395 160 687 1241 7267 888 744 3545 138 236 520 163 698 978 64 7361 3521 2185 206 807 1327 2895 77 3694 8840 1012 248 52 293 4719 682 3578 3405 730 2177 491 435 1163 193 1199 2527 1494 1342 6646 9031 18163 4734 259 4503 428 3582 12292 1120 506 2968 1433 736 70 62 65 1867 8042 861 3474 894 1402 2774 5296 4406 390 262 2824 31 2466 338 587 39 764 3549 312 14215 130 14671 10621 1641 3645 593 1172 1842 0 9712 213 4329 6312 3093 6623 2996 113 4881 2082 398 986 153 1044 2549 942 198 3541 3719 4342 5662 2502 11014 1409 3910 1943 2504 617 149 476 402 8626 86 318 1224 12055 169 1148 7 
#13 1809 65827 8487 14545 26748 3349 2022 24166 210196 697 10341 46393 249 49235 168898 9207 30085 7367 61444 160596 5779 256 123967 5190 35227 6249 2430 105628 99836 8409 27265 10269 97319 19727 24078 856 1430 473 7949 1361 8841 89896 0 4171 56775 7063 58787 24485 149806 2339 16924 11402 102642 31661 18403 8685 6019 44590 5909 32760 99146 5302 10700 5315 73489 3187 660 25653 9413 4431 8932 107433 23585 4186 2898 35400 89240 32386 31774 27530 9600 63253 75666 366 35313 4065 4364 2144 316 981 35133 81921 70544 477 44259 518 33456 9414 611 1751 133726 147465 21776 1294 16308 76122 30899 665 38211 38518 12707 42722 97195 11164 8841 1926 470 629 11374 27345 136034 2515 51332 30395 351 1312 5826 60371 232 6092 1750 1600 16649 36600 101656 1227 14437 958 117040 62664 15641 328 1053 207535 43197 15731 22269 121679 3911 88478 19101 5555 3978 95099 2139 64738 40357 123834 25722 78763 5347 38394 124208 8784 63823 55577 12785 38876 35118 5948 61119 237 166685 50247 1234 20204 23801 46653 15839 6800 9803 373 17164 51808 12687 27680 110821 44618 7751 12703 27166 10665 1999 1688 84330 914 45189 53355 6408 23595 25015 2291 26895 2647 30976 58800 2102 26324 54057 13932 546 2675 173924 17153 8132 28551 93608 14720 44152 61069 93636 10453 3794 52625 43440 87350 98871 13103 2776 16404 11786 66545 25466 136617 177839 11117 5361 4712 12133 53502 195 24654 13574 170079 30065 17338 402 6811 14380 13609 21343 29040 2215 2080 54690 75168 3725 11717 2319 27915 47991 68410 25297 13178 50566 662 21318 17852 71856 40179 7618 8725 1372 10190 15892 26057 128958 120879 7169 183369 397 1082 19522 21175 87116 34089 100449 64027 17461 170083 96242 5606 36207 152709 40623 9015 109651 15486 136226 20937 23097 6015 76932 64274 7590 3225 189815 573 29142 852 728 33197 94747 67020 155606 12022 67086 40684 60065 15891 1665 526 141457 77142 36187 29596 2267 2129 149153 6991 12841 12219 2030 17191 5178 37385 83788 5501 102672 2856 10955 16852 229 5120 32749 63073 66134 15762 28155 44 2193 43874 11605 16719 27999 2773 12814 15967 15455 110 10570 28189 6462 16553 64472 30539 41723 29845 12321 40432 20167 23928 337 1352 6962 81844 12090 23089 124113 176344 25646 158612 96963 131451 28843 33166 75463 3645 20896 30586 12815 3119 9796 620 32885 153831 24323 45529 63764 57183 12797 23729 27913 16775 59758 44674 36330 9845 980 111300 52615 3913 11475 20932 57109 56979 807 6458 29001 4789 7213 270 4149 90456 2637 18277 2497 33809 16768 6727 33657 296 959 54521 58820 7055 28806 21655 10924 56297 3711 26935 30859 46259 14384 72505 12005 28671 9727 7359 95454 41819 6353 10016 7927 81150 2604 102809 24258 96249 150730 2040 2620 11132 8583 14147 3776 83326 3389 4931 44785 23578 57884 18307 33738 300 18954 43604 78068 690 49973 2960 33828 7818 3907 4242 48313 159 3324 11641 11427 6665 29260 4501 32681 105163 4 49760 66147 34095 132900 102433 39716 136052 45863 26924 8753 4362 53314 23296 65397 80275 170657 6660 82811 72012 722 85553 13262 5180 23484 46320 23751 6467 140426 15637 224183 16429 159540 15071 90365 108015 7294 8748 13087 663 17060 1559 7732 5857 4435 314 29380 73731 781 18881 23360 1066 157287 147 896 784 1268 76 79858 38481 169149 8610 1027 63034 14433 19062 17390 58576 194 634 3988 210444 23534 13439 10039 7543 8032 3144 73466 29456 13468 17125 560 21096 188592 6215 95582 91580 10077 36945 8151 64704 158845 45465 7076 91022 1027 1128 9509 344 22704 63115 21644 28207 76579 17667 31986 41765 428 15608 3566 3222 9454 34610 11146 1617 4052 37628 59378 15182 18938 30227 12287 5874 87238 33994 101949 45860 71166 2093 229 28261 71379 6645 81694 15677 28117 2864 1291 4736 154291 16282 19360 275 602 8228 31023 128441 3720 13015 20166 2009 38586 24047 190946 16753 28367 20851 103640 23907 46072 46342 23743 7095 9686 34312 74898 29167 94858 244089 16295 56139 1263 13203 2914 30603 32285 34310 42836 8371 313 7522 73427 36440 17268 89883 215 6119 9005 102546 48451 176 16887 34232 37741 829 4464 65416 96252 1299 1899 63375 30473 26230 21508 56138 90417 40149 31613 2879 2556 178896 97983 142 13154 74774 322 4195 73782 114866 269 77838 11292 1796 2775 12569 128735 57265 21 22696 143649 144 23079 8119 32759 850 186051 31748 2657 2391 1454 62742 1845 172806 8566 15517 83556 165 23044 10421 17657 10267 17626 2678 19999 12207 109282 9973 5723 29342 4890 7195 3962 27699 8381 615 41507 3629 2607 386 70416 4033 13253 2084 13632 15186 37418 72620 7115 12943 8070 34218 3583 14597 2828 4720 22031 181722 79439 9463 20199 46564 174 11599 4127 28275 45074 19397 44521 184403 11379 11 44431 136066 8888 31218 3442 24597 110485 118206 14721 41059 13058 29443 1128 5101 37062 3589 17360 102711 55 10375 2341 2480 7193 2847 2815 3875 7736 629 32588 8178 6216 9416 51976 19713 74302 768 25090 40080 8776 34291 5211 117139 1364 10072 2670 42948 4740 92343 18935 11447 576 37989 21287 83777 5755 66052 179572 4277 69861 121731 153961 1254 16726 24579 44530 204 157617 124620 110375 163331 14062 3678 99 5681 119748 15765 49920 150830 5880 167067 12195 3653 3288 40839 4874 186359 70153 21888 109526 114354 62314 3412 40478 736 21956 205279 2934 82025 40260 44695 711 23026 73249 10683 10681 7174 140342 1404 46640 21585 83950 10555 63158 3343 68747 6556 44774 1841 109665 4105 37990 4096 59857 56112 18991 79067 484 21759 3092 63132 29263 161001 87507 5965 2103 9515 53547 30800 110553 34478 19141 2680 14468 34398 8865 11562 20904 44413 32231 3117 49372 89347 9889 1110 16035 53151 52683 5824 31366 63416 20096 227029 8916 1273 28278 3969 88043 28257 16679 741 34833 57964 216330 24910 38 115954 102098 8368 33102 857 27808 53661 7707 18788 80502 6846 55318 25379 28534 76148 63948 68883 99163 110862 197660 8767 13271 27726 74516 13088 54594 40529 

Elapsed Time(BIT) : 146 ms